#    s        x        y     Ue/Vinf    Dstar     Theta      Cf       H
   0.00000  1.00000  0.00126      NaN       NaN       NaN       NaN       NaN
   0.00630  0.99403  0.00328      NaN       NaN       NaN       NaN       NaN
   0.01730  0.98360  0.00677      NaN       NaN       NaN       NaN       NaN
   0.03014  0.97140  0.01079      NaN       NaN       NaN       NaN       NaN
   0.04448  0.95775  0.01519      NaN       NaN       NaN       NaN       NaN
   0.05983  0.94312  0.01981      NaN       NaN       NaN       NaN       NaN
   0.07574  0.92791  0.02450      NaN       NaN       NaN       NaN       NaN
   0.09195  0.91239  0.02916      NaN       NaN       NaN       NaN       NaN
   0.10830  0.89671  0.03377      NaN       NaN       NaN       NaN       NaN
   0.12471  0.88093  0.03828      NaN       NaN       NaN       NaN       NaN
   0.14115  0.86509  0.04269      NaN       NaN       NaN       NaN       NaN
   0.15761  0.84920  0.04699      NaN       NaN       NaN       NaN       NaN
   0.17407  0.83328  0.05118      NaN       NaN       NaN       NaN       NaN
   0.19053  0.81733  0.05526      NaN       NaN       NaN       NaN       NaN
   0.20699  0.80136  0.05923      NaN       NaN       NaN       NaN       NaN
   0.22345  0.78536  0.06309      NaN       NaN       NaN       NaN       NaN
   0.23991  0.76934  0.06683      NaN       NaN       NaN       NaN       NaN
   0.25635  0.75329  0.07046      NaN       NaN       NaN       NaN       NaN
   0.27280  0.73723  0.07397      NaN       NaN       NaN       NaN       NaN
   0.28923  0.72115  0.07736      NaN       NaN       NaN       NaN       NaN
   0.30566  0.70505  0.08064      NaN       NaN       NaN       NaN       NaN
   0.32208  0.68894  0.08379      NaN       NaN       NaN       NaN       NaN
   0.33848  0.67281  0.08683      NaN       NaN       NaN       NaN       NaN
   0.35488  0.65668  0.08974      NaN       NaN       NaN       NaN       NaN
   0.37127  0.64053  0.09253      NaN       NaN       NaN       NaN       NaN
   0.38764  0.62438  0.09519      NaN       NaN       NaN       NaN       NaN
   0.40400  0.60822  0.09773      NaN       NaN       NaN       NaN       NaN
   0.42034  0.59205  0.10013      NaN       NaN       NaN       NaN       NaN
   0.43666  0.57589  0.10241      NaN       NaN       NaN       NaN       NaN
   0.45297  0.55972  0.10455      NaN       NaN       NaN       NaN       NaN
   0.46926  0.54356  0.10656      NaN       NaN       NaN       NaN       NaN
   0.48553  0.52740  0.10843      NaN       NaN       NaN       NaN       NaN
   0.50177  0.51125  0.11015      NaN       NaN       NaN       NaN       NaN
   0.51799  0.49510  0.11174      NaN       NaN       NaN       NaN       NaN
   0.53418  0.47898  0.11318      NaN       NaN       NaN       NaN       NaN
   0.55034  0.46287  0.11447      NaN       NaN       NaN       NaN       NaN
   0.56645  0.44680  0.11560      NaN       NaN       NaN       NaN       NaN
   0.58249  0.43079  0.11659      NaN       NaN       NaN       NaN       NaN
   0.59843  0.41487  0.11741      NaN       NaN       NaN       NaN       NaN
   0.61418  0.39913  0.11806      NaN       NaN       NaN       NaN       NaN
   0.62966  0.38366  0.11850      NaN       NaN       NaN       NaN       NaN
   0.64497  0.36835  0.11867      NaN       NaN       NaN       NaN       NaN
   0.66019  0.35314  0.11860      NaN       NaN       NaN       NaN       NaN
   0.67533  0.33799  0.11826      NaN       NaN       NaN       NaN       NaN
   0.69043  0.32291  0.11767      NaN       NaN       NaN       NaN       NaN
   0.70548  0.30789  0.11682      NaN       NaN       NaN       NaN       NaN
   0.72048  0.29292  0.11571      NaN       NaN       NaN       NaN       NaN
   0.73544  0.27803  0.11433      NaN       NaN       NaN       NaN       NaN
   0.75035  0.26321  0.11268      NaN       NaN       NaN       NaN       NaN
   0.76521  0.24847  0.11076      NaN       NaN       NaN       NaN       NaN
   0.78002  0.23383  0.10857      NaN       NaN       NaN       NaN       NaN
   0.79477  0.21929  0.10611      NaN       NaN       NaN       NaN       NaN
   0.80945  0.20486  0.10337      NaN       NaN       NaN       NaN       NaN
   0.82406  0.19057  0.10035      NaN       NaN       NaN       NaN       NaN
   0.83858  0.17642  0.09705      NaN       NaN       NaN       NaN       NaN
   0.85301  0.16245  0.09348      NaN       NaN       NaN       NaN       NaN
   0.86731  0.14867  0.08963      NaN       NaN       NaN       NaN       NaN
   0.88147  0.13513  0.08551      NaN       NaN       NaN       NaN       NaN
   0.89543  0.12187  0.08113      NaN       NaN       NaN       NaN       NaN
   0.90915  0.10895  0.07651      NaN       NaN       NaN       NaN       NaN
   0.92253  0.09648  0.07168      NaN       NaN       NaN       NaN       NaN
   0.93545  0.08456  0.06669      NaN       NaN       NaN       NaN       NaN
   0.94777  0.07333  0.06161      NaN       NaN       NaN       NaN       NaN
   0.95931  0.06296  0.05655      NaN       NaN       NaN       NaN       NaN
   0.96991  0.05358  0.05160      NaN       NaN       NaN       NaN       NaN
   0.97947  0.04528  0.04688      NaN       NaN       NaN       NaN       NaN
   0.98794  0.03805  0.04245      NaN       NaN       NaN       NaN       NaN
   0.99539  0.03184  0.03834      NaN       NaN       NaN       NaN       NaN
   1.00191  0.02653  0.03456      NaN       NaN       NaN       NaN       NaN
   1.00762  0.02200  0.03108      NaN       NaN       NaN       NaN       NaN
   1.01265  0.01813  0.02786      NaN       NaN       NaN       NaN       NaN
   1.01711  0.01482  0.02488      NaN       NaN       NaN       NaN       NaN
   1.02110  0.01197  0.02209      NaN       NaN       NaN       NaN       NaN
   1.02468  0.00952  0.01947      NaN       NaN       NaN       NaN       NaN
   1.02794  0.00742  0.01698      NaN       NaN       NaN       NaN       NaN
   1.03091  0.00563  0.01461      NaN       NaN       NaN       NaN       NaN
   1.03365  0.00411  0.01233      NaN       NaN       NaN       NaN       NaN
   1.03619  0.00284  0.01013      NaN       NaN       NaN       NaN       NaN
   1.03855  0.00182  0.00800      NaN       NaN       NaN       NaN       NaN
   1.04077  0.00103  0.00593      NaN       NaN       NaN       NaN       NaN
   1.04286  0.00046  0.00392      NaN  0.000000  0.000000  0.000000       NaN
   1.04484  0.00012  0.00197      NaN  0.000000  0.000000  0.000000       NaN
   1.04671  0.00000  0.00010      NaN  0.000000  0.000000  0.000000       NaN
   1.04857  0.00010 -0.00175      NaN  0.000000  0.000000  0.000000       NaN
   1.05048  0.00046 -0.00363      NaN  0.000000  0.000000  0.000000       NaN
   1.05245  0.00110 -0.00549      NaN  0.000000  0.000000  0.000000       NaN
   1.05449  0.00205 -0.00730      NaN  0.000000  0.000000  0.000000       NaN
   1.05662  0.00332 -0.00902      NaN  0.000000  0.000000  0.000000       NaN
   1.05886  0.00488 -0.01062      NaN  0.000000  0.000000  0.000000       NaN
   1.06123  0.00673 -0.01210      NaN  0.000000  0.000000  0.000000       NaN
   1.06376  0.00886 -0.01345      NaN  0.000000  0.000000  0.000000       NaN
   1.06647  0.01127 -0.01470      NaN  0.000000  0.000000  0.000000       NaN
   1.06940  0.01397 -0.01584      NaN  0.000000  0.000000  0.000000       NaN
   1.07261  0.01700 -0.01689      NaN  0.000000  0.000000  0.000000       NaN
   1.07613  0.02039 -0.01785      NaN  0.000000  0.000000  0.000000       NaN
   1.08005  0.02421 -0.01872      NaN  0.000000  0.000000  0.000000       NaN
   1.08445  0.02854 -0.01951      NaN  0.000000  0.000000  0.000000       NaN
   1.08945  0.03349 -0.02021      NaN  0.000000  0.000000  0.000000       NaN
   1.09517  0.03918 -0.02081      NaN  0.000000  0.000000  0.000000       NaN
   1.10179  0.04579 -0.02128      NaN  0.000000  0.000000  0.000000       NaN
   1.10951  0.05350 -0.02160      NaN  0.000000  0.000000  0.000000       NaN
   1.11852  0.06251 -0.02174      NaN  0.000000  0.000000  0.000000       NaN
   1.12897  0.07295 -0.02165      NaN  0.000000  0.000000  0.000000       NaN
   1.14089  0.08487 -0.02130      NaN  0.000000  0.000000  0.000000       NaN
   1.15420  0.09816 -0.02068      NaN  0.000000  0.000000  0.000000       NaN
   1.16866  0.11260 -0.01980      NaN  0.000000  0.000000  0.000000       NaN
   1.18402  0.12792 -0.01869      NaN  0.000000  0.000000  0.000000       NaN
   1.20004  0.14388 -0.01741      NaN  0.000000  0.000000  0.000000       NaN
   1.21654  0.16032 -0.01599      NaN  0.000000  0.000000  0.000000       NaN
   1.23337  0.17709 -0.01448      NaN  0.000000  0.000000  0.000000       NaN
   1.25043  0.19408 -0.01292      NaN  0.000000  0.000000  0.000000       NaN
   1.26759  0.21117 -0.01135      NaN  0.000000  0.000000  0.000000       NaN
   1.28473  0.22823 -0.00979      NaN  0.000000  0.000000  0.000000       NaN
   1.30179  0.24523 -0.00827      NaN  0.000000  0.000000  0.000000       NaN
   1.31877  0.26214 -0.00680      NaN  0.000000  0.000000  0.000000       NaN
   1.33566  0.27897 -0.00541      NaN  0.000000  0.000000  0.000000       NaN
   1.35247  0.29573 -0.00409      NaN  0.000000  0.000000  0.000000       NaN
   1.36921  0.31242 -0.00286      NaN  0.000000  0.000000  0.000000       NaN
   1.38589  0.32907 -0.00172      NaN  0.000000  0.000000  0.000000       NaN
   1.40252  0.34567 -0.00068      NaN  0.000000  0.000000  0.000000       NaN
   1.41913  0.36225  0.00026      NaN  0.000000  0.000000  0.000000       NaN
   1.43575  0.37884  0.00108      NaN  0.000000  0.000000  0.000000       NaN
   1.45245  0.39553  0.00180      NaN  0.000000  0.000000  0.000000       NaN
   1.46939  0.41246  0.00243      NaN  0.000000  0.000000  0.000000       NaN
   1.48651  0.42957  0.00305      NaN  0.000000  0.000000  0.000000       NaN
   1.50369  0.44674  0.00366      NaN  0.000000  0.000000  0.000000       NaN
   1.52088  0.46392  0.00425      NaN  0.000000  0.000000  0.000000       NaN
   1.53806  0.48109  0.00481      NaN  0.000000  0.000000  0.000000       NaN
   1.55522  0.49824  0.00534      NaN  0.000000  0.000000  0.000000       NaN
   1.57235  0.51537  0.00584      NaN  0.000000  0.000000  0.000000       NaN
   1.58946  0.53247  0.00630      NaN  0.000000  0.000000  0.000000       NaN
   1.60655  0.54956  0.00672      NaN  0.000000  0.000000  0.000000       NaN
   1.62362  0.56662  0.00709      NaN  0.000000  0.000000  0.000000       NaN
   1.64068  0.58367  0.00742      NaN  0.000000  0.000000  0.000000       NaN
   1.65771  0.60070  0.00771      NaN  0.000000  0.000000  0.000000       NaN
   1.67473  0.61772  0.00795      NaN  0.000000  0.000000  0.000000       NaN
   1.69174  0.63473  0.00813      NaN  0.000000  0.000000  0.000000       NaN
   1.70874  0.65173  0.00827      NaN  0.000000  0.000000  0.000000       NaN
   1.72572  0.66871  0.00835      NaN  0.000000  0.000000  0.000000       NaN
   1.74270  0.68569  0.00838      NaN  0.000000  0.000000  0.000000       NaN
   1.75967  0.70266  0.00835      NaN  0.000000  0.000000  0.000000       NaN
   1.77663  0.71962  0.00827      NaN  0.000000  0.000000  0.000000       NaN
   1.79359  0.73658  0.00813      NaN  0.000000  0.000000  0.000000       NaN
   1.81055  0.75353  0.00793      NaN  0.000000  0.000000  0.000000       NaN
   1.82750  0.77049  0.00768      NaN  0.000000  0.000000  0.000000       NaN
   1.84445  0.78744  0.00737      NaN  0.000000  0.000000  0.000000       NaN
   1.86140  0.80438  0.00700      NaN  0.000000  0.000000  0.000000       NaN
   1.87836  0.82133  0.00658      NaN  0.000000  0.000000  0.000000       NaN
   1.89531  0.83828  0.00609      NaN  0.000000  0.000000  0.000000       NaN
   1.91226  0.85522  0.00555      NaN  0.000000  0.000000  0.000000       NaN
   1.92920  0.87215  0.00496      NaN  0.000000  0.000000  0.000000       NaN
   1.94612  0.88905  0.00431      NaN  0.000000  0.000000  0.000000       NaN
   1.96298  0.90590  0.00360      NaN  0.000000  0.000000  0.000000       NaN
   1.97970  0.92261  0.00286      NaN  0.000000  0.000000  0.000000       NaN
   1.99613  0.93901  0.00207      NaN  0.000000  0.000000  0.000000       NaN
   2.01194  0.95481  0.00127      NaN  0.000000  0.000000  0.000000       NaN
   2.02667  0.96952  0.00048      NaN  0.000000  0.000000  0.000000       NaN
   2.03977  0.98259 -0.00025      NaN  0.000000  0.000000  0.000000       NaN
   2.05089  0.99370 -0.00089      NaN  0.000000  0.000000  0.000000       NaN
   2.05721  1.00000 -0.00126      NaN  0.000000  0.000000  0.000000       NaN
   2.05721  1.00010 -0.00002      NaN       NaN       NaN  0.000000       NaN
   2.06351  1.00628 -0.00129      NaN       NaN       NaN  0.000000       NaN
   2.07091  1.01351 -0.00282      NaN       NaN       NaN  0.000000       NaN
   2.07958  1.02198 -0.00470      NaN       NaN       NaN  0.000000       NaN
   2.08975  1.03189 -0.00699      NaN       NaN       NaN  0.000000       NaN
   2.10168  1.04349 -0.00978      NaN       NaN       NaN  0.000000       NaN
   2.11567  1.05706 -0.01318      NaN       NaN       NaN  0.000000       NaN
   2.13208  1.07293 -0.01731      NaN       NaN       NaN  0.000000       NaN
   2.15131  1.09150 -0.02233      NaN       NaN       NaN  0.000000       NaN
   2.17388  1.11322 -0.02844      NaN       NaN       NaN  0.000000       NaN
   2.20034  1.13862 -0.03587      NaN       NaN       NaN  0.000000       NaN
   2.23136  1.16830 -0.04490      NaN       NaN       NaN  0.000000       NaN
   2.26775  1.20299 -0.05590      NaN       NaN       NaN  0.000000       NaN
   2.31043  1.24351 -0.06928      NaN       NaN       NaN  0.000000       NaN
   2.36047  1.29083 -0.08556      NaN       NaN       NaN  0.000000       NaN
   2.41916  1.34608 -0.10536      NaN       NaN       NaN  0.000000       NaN
   2.48799  1.41056 -0.12943      NaN       NaN       NaN  0.000000       NaN
   2.56870  1.48580 -0.15867      NaN       NaN       NaN  0.000000       NaN
   2.66336  1.57355 -0.19414      NaN       NaN       NaN  0.000000       NaN
   2.77436  1.67589 -0.23714      NaN       NaN       NaN  0.000000       NaN
   2.90454  1.79522 -0.28917      NaN       NaN       NaN  0.000000       NaN
   3.05720  1.93433 -0.35206      NaN       NaN       NaN  0.000000       NaN
